top5:
-0.47	1500000	2500000	60
-0.45	1450000	2500000	58
-0.45	1400000	2500000	56
-0.45	1350000	2500000	54
-0.45	1300000	2500000	52

anti-top5:
-0.10	2250000	2500000	90
-0.10	2200000	2500000	88
-0.10	2150000	2500000	86
-0.10	2100000	2500000	84
-0.10	2050000	2500000	82

top5:
-0.50	2100000	3500000	60
-0.50	2050000	3500000	58
-0.50	2000000	3500000	57
-0.47	2250000	3500000	64
-0.47	2200000	3500000	62

anti-top5:
-0.10	3200000	3500000	91
-0.10	3150000	3500000	90
-0.10	3100000	3500000	88
-0.10	3050000	3500000	87
-0.10	3000000	3500000	85

